Strathmore Place
10
34.0685657 -118.4489289 34.0686684 -118.4486251
34.0686684 -118.4486251 34.0687275 -118.4483620
34.0687433 -118.4475702 34.0687429 -118.4467981
34.0687429 -118.4467981 34.0687425 -118.4461640
34.0687425 -118.4461640 34.0687425 -118.4461333
34.0687425 -118.4461333 34.0687431 -118.4457651
34.0687431 -118.4457651 34.0687438 -118.4452916
34.0687438 -118.4452916 34.0687443 -118.4449195
34.0687275 -118.4483620 34.0687437 -118.4478873
34.0687437 -118.4478873 34.0687433 -118.4475702
