15th Street
1
1 2 3 4
16th Street
2
3 4 5 6
5 6 7 8
17th Street
3
7 8 9 10
9 10 11 12
11 12 13 14
18th Steet
2
11 12 15 16
15 16 17 18
17th Street
12
34.0420561 -118.5011699 34.0419265 -118.5010322
34.0419265 -118.5010322 34.0411467 -118.5001646
34.0411467 -118.5001646 34.0404270 -118.4992792
34.0404270 -118.4992792 34.0388859 -118.4974725
34.0388859 -118.4974725 34.0372358 -118.4955413
34.0372358 -118.4955413 34.0356922 -118.4937358
34.0356922 -118.4937358 34.0347833 -118.4926880
34.0347833 -118.4926880 34.0344973 -118.4923532
34.0344973 -118.4923532 34.0331537 -118.4907954
34.0331537 -118.4907954 34.0318198 -118.4892245
34.0318198 -118.4892245 34.0304673 -118.4876393
34.0304673 -118.4876393 34.0290818 -118.4859930
10th Helena Drive
1
34.0547000 -118.4794734 34.0544590 -118.4801137
11th Helena Drive
1
34.0549825 -118.4795629 34.0547778 -118.4802585
12th Helena Drive
1
34.0552554 -118.4796392 34.0550808 -118.4803801
13th Helena Drive
2
34.0555267 -118.4796954 34.0555356 -118.4798135
34.0555356 -118.4798135 34.0554131 -118.4804510
14th Helena Drive
1
34.0558289 -118.4798296 34.0557351 -118.4804917
15th Helena Drive
1
34.0561178 -118.4798886 34.0560908 -118.4805176
16th Helena Drive
2
34.0564067 -118.4798349 34.0564200 -118.4799368
34.0564200 -118.4799368 34.0564109 -118.4805269
17th Helena Drive
1
34.0568080 -118.4798130 34.0567492 -118.4805550
South Carmelina Avenue
33
34.0578328 -118.4806567 34.0574625 -118.4805936
34.0574625 -118.4805936 34.0570788 -118.4805660
34.0570788 -118.4805660 34.0567492 -118.4805550
34.0567492 -118.4805550 34.0565709 -118.4805422
34.0565709 -118.4805422 34.0564109 -118.4805269
34.0564109 -118.4805269 34.0560908 -118.4805176
34.0560908 -118.4805176 34.0557351 -118.4804917
34.0557351 -118.4804917 34.0556643 -118.4804793
34.0556643 -118.4804793 34.0554131 -118.4804510
34.0554131 -118.4804510 34.0550808 -118.4803801
34.0550808 -118.4803801 34.0547778 -118.4802585
34.0547778 -118.4802585 34.0544590 -118.4801137
34.0544590 -118.4801137 34.0541514 -118.4799152
34.0541514 -118.4799152 34.0538660 -118.4796699
34.0538660 -118.4796699 34.0536968 -118.4795060
34.0536968 -118.4795060 34.0536422 -118.4794308
34.0536422 -118.4794308 34.0536412 -118.4794295
34.0536412 -118.4794295 34.0533596 -118.4792194
34.0533596 -118.4792194 34.0530816 -118.4790435
34.0530816 -118.4790435 34.0528047 -118.4789577
34.0528047 -118.4789577 34.0524847 -118.4788976
34.0524847 -118.4788976 34.0521110 -118.4788549
34.0521110 -118.4788549 34.0519770 -118.4788676
34.0519770 -118.4788676 34.0517513 -118.4790008
34.0517513 -118.4790008 34.0514421 -118.4793857
34.0514421 -118.4793857 34.0511000 -118.4793623
34.0511000 -118.4793623 34.0509749 -118.4793250
34.0509749 -118.4793250 34.0508234 -118.4792741
34.0407574 -118.4684606 34.0397954 -118.4673495
34.0397954 -118.4673495 34.0395271 -118.4670246
34.0445202 -118.4741252 34.0442984 -118.4732402
34.0442984 -118.4732402 34.0418941 -118.4704508
34.0418941 -118.4704508 34.0417869 -118.4703301
Santa Catalina View Street
2
34.0556643 -118.4804793 34.0552620 -118.4817420
34.0552620 -118.4817420 34.0549238 -118.4827771
